17	-9	15	-7	2	6	0	8	
17	-9	17	-6	17	-2	17	6	17	14	
16	-9	16	-7	16	8	16	11	16	22	
8	-9	8	1	8	10	8	21	
8	-9	16	-7	20	-6	24	-5	
23	-8	5	16	2	20	-1	24	
23	-8	23	1	23	10	23	13	23	18	23	19	
7	-7	9	0	13	14	15	21	
7	-7	15	-3	17	-2	23	1	
16	-7	9	0	8	1	4	5	2	7	
16	-7	15	-3	10	17	9	21	
15	-7	15	-3	15	-1	15	4	15	21	
17	-6	10	1	6	5	0	11	
20	-6	17	-2	14	2	11	6	8	10	5	14	
24	-5	19	0	15	4	5	14	
24	-5	24	7	24	12	24	19	
0	-4	0	-2	0	8	0	11	0	17	0	20	
15	-3	14	2	12	12	10	22	
17	-2	18	0	20	4	23	10	24	12	
20	0	11	9	10	10	5	15	0	20	
20	0	17	6	16	8	13	14	
9	0	9	1	9	18	9	19	9	21	
9	0	10	1	12	3	18	9	
23	1	8	1	10	1	3	1	9	1	
23	1	22	2	20	4	16	8	12	12	
10	1	10	10	10	17	10	22	
2	5	2	6	2	7	2	11	2	20	2	23	
-1	6	2	11	5	16	8	21	
-1	6	2	6	11	6	19	6	17	6	
11	6	11	9	11	15	11	16	11	20	
11	6	16	11	23	18	24	19	
11	9	12	12	13	15	15	21	
18	9	16	11	13	14	11	16	10	17	9	18	
2	11	5	14	9	18	11	20	
23	13	17	14	11	15	5	16	
5	14	5	15	5	16	5	18	5	23	
11	15	10	17	9	19	8	21	
11	20	8	21	2	23	-1	24	
